%YAML:1.0
calibration_time: "03/18/16 15:18:38"
nframes: 10
image_width: 1280
image_height: 720
board_width: 12
board_height: 6
square_size: 1.2999999523162842e+000
flags: 0
camera_matrix: !!opencv-matrix
   rows: 3
   cols: 3
   dt: d
   data: [ 1.3240283915995651e+003, 0., 6.6179009310103982e+002, 0.,
       1.4000828762189344e+003, 3.6776239396487273e+002, 0., 0., 1. ]
distortion_coefficients: !!opencv-matrix
   rows: 5
   cols: 1
   dt: d
   data: [ -5.3287487456559879e-001, -7.0767524066484535e+000,
       -5.4286244387084424e-002, 8.8021459012654110e-002,
       1.6610642543619203e+001 ]
avg_reprojection_error: 7.5824752429356099e+000
per_view_reprojection_errors: !!opencv-matrix
   rows: 10
   cols: 1
   dt: f
   data: [ 7.82806921e+000, 8.79344845e+000, 8.59845734e+000,
       7.44842243e+000, 6.09822702e+000, 5.39750671e+000,
       6.52449465e+000, 7.01122141e+000, 7.99228811e+000,
       9.21949387e+000 ]
extrinsic_parameters: !!opencv-matrix
   rows: 10
   cols: 6
   dt: d
   data: [ 3.1025171292880360e-001, -2.1041070164896958e-001,
       1.6013994415439176e-001, -9.6499434373553417e-001,
       -2.5156142979291771e+000, 2.6779346120954010e+001,
       3.7673261295602845e-001, -1.0725648683163183e-001,
       1.4611350165330692e-001, -6.0609891789873449e-001,
       -3.6599422356780686e+000, 2.2210227836220923e+001,
       4.2268752847575747e-001, -7.3859466370662222e-002,
       -2.2952351265898133e-002, -3.7291197513221572e+000,
       -2.3124775874434222e+000, 2.2717813854869036e+001,
       4.1328714512110987e-001, -1.9131372011368310e-002,
       -6.4735264234178733e-002, -4.0290678599655978e+000,
       -2.0464371105243595e+000, 2.3780383105105305e+001,
       4.0828796728092798e-001, 5.2060166848374806e-002,
       -9.3855632550535403e-002, -4.3093737304248219e+000,
       -2.0278364494181296e+000, 2.4523193736713004e+001,
       3.9616579323963602e-001, 2.1221225902066798e-001,
       -1.5358021938787400e-001, -4.3307426770950324e+000,
       -1.7859850691055414e+000, 2.5792636635428984e+001,
       3.7732173991533791e-001, 3.2570923145041314e-001,
       -1.5714305731330860e-001, -4.2550649014342676e+000,
       -1.8007579318361451e+000, 2.7226660763616394e+001,
       3.5922743010820291e-001, 3.8165752897659383e-001,
       -1.6075238284997675e-001, -4.5049930246108687e+000,
       -1.5482429629536900e+000, 2.8474181002782274e+001,
       3.5385121074058951e-001, 4.3761065314887693e-001,
       -1.8371498996158189e-001, -4.6626282972064370e+000,
       -1.2993068223110404e+000, 2.9127993066421975e+001,
       3.5285207353632808e-001, 4.8967798298126181e-001,
       -1.9526720943583967e-001, -4.6983393279172363e+000,
       -1.3078153286199299e+000, 2.9508908727281199e+001 ]
image_points: !!opencv-matrix
   rows: 10
   cols: 72
   dt: "2f"
   data: [ 5.93955139e+002, 2.29462036e+002, 6.64229980e+002,
       2.37713135e+002, 7.33426453e+002, 2.47289658e+002,
       8.00224365e+002, 2.57355530e+002, 8.62548767e+002,
       2.67855133e+002, 9.19785767e+002, 2.78390381e+002,
       9.71571167e+002, 2.88765259e+002, 1.01774963e+003,
       2.98896057e+002, 1.05907642e+003, 3.08167175e+002,
       1.09527100e+003, 3.16764984e+002, 1.12703259e+003,
       3.25176056e+002, 1.15533118e+003, 3.32035370e+002,
       5.86085388e+002, 2.98269226e+002, 6.55287231e+002,
       3.06494293e+002, 7.23743774e+002, 3.14920410e+002,
       7.89468872e+002, 3.23882141e+002, 8.51342712e+002,
       3.32525024e+002, 9.08353333e+002, 3.40894836e+002,
       9.60080139e+002, 3.48660583e+002, 1.00620190e+003,
       3.56361145e+002, 1.04729321e+003, 3.63108063e+002,
       1.08379480e+003, 3.69706146e+002, 1.11632983e+003,
       3.74882324e+002, 1.14457117e+003, 3.80836975e+002,
       5.78922302e+002, 3.64331604e+002, 6.46593750e+002,
       3.72600983e+002, 7.13552307e+002, 3.80361237e+002,
       7.78121765e+002, 3.87738098e+002, 8.38680481e+002,
       3.95038239e+002, 8.95094116e+002, 4.01238251e+002,
       9.46364502e+002, 4.07292084e+002, 9.92419800e+002,
       4.12214905e+002, 1.03360779e+003, 4.16882751e+002,
       1.07023779e+003, 4.20884338e+002, 1.10278491e+003,
       4.24473755e+002, 1.13186926e+003, 4.27157837e+002,
       5.73000854e+002, 4.27454498e+002, 6.38383850e+002,
       4.35274567e+002, 7.03040100e+002, 4.42312744e+002,
       7.65981506e+002, 4.48536621e+002, 8.25397217e+002,
       4.54152435e+002, 8.80783203e+002, 4.58758698e+002,
       9.31425110e+002, 4.62435516e+002, 9.77363831e+002,
       4.65724945e+002, 1.01852069e+003, 4.67798889e+002,
       1.05550537e+003, 4.70017822e+002, 1.08822644e+003,
       4.71473969e+002, 1.11703320e+003, 4.73086670e+002,
       5.66861023e+002, 4.85303894e+002, 6.30350647e+002,
       4.93079407e+002, 6.92985352e+002, 4.99437683e+002,
       7.53713684e+002, 5.04688538e+002, 8.11736511e+002,
       5.08977936e+002, 8.65768066e+002, 5.12190796e+002,
       9.15487976e+002, 5.14430481e+002, 9.61038940e+002,
       5.15590637e+002, 1.00220752e+003, 5.16232361e+002,
       1.03923035e+003, 5.16446838e+002, 1.07195239e+003,
       5.16697021e+002, 1.10178772e+003, 5.15936218e+002,
       5.62356506e+002, 5.38650024e+002, 6.22946533e+002,
       5.45959656e+002, 6.83013489e+002, 5.51617737e+002,
       7.41579407e+002, 5.56333557e+002, 7.97643433e+002,
       5.59398560e+002, 8.50301086e+002, 5.61322693e+002,
       8.99106567e+002, 5.62324707e+002, 9.44354858e+002,
       5.62102539e+002, 9.84959656e+002, 5.61492310e+002,
       1.02195685e+003, 5.60086914e+002, 1.05551050e+003,
       5.58207581e+002, 1.08523816e+003, 5.56471191e+002,
       6.02657776e+002, 1.28828857e+002, 6.89064758e+002,
       1.36118484e+002, 7.74660461e+002, 1.46663574e+002,
       8.55725342e+002, 1.59498428e+002, 9.30046326e+002,
       1.73831497e+002, 9.96338867e+002, 1.89044998e+002,
       1.05385400e+003, 2.03964661e+002, 1.10368884e+003,
       2.18939743e+002, 1.14655688e+003, 2.32820847e+002,
       1.18293359e+003, 2.46205566e+002, 1.21366943e+003,
       2.57894470e+002, 1.24054248e+003, 2.68653503e+002,
       5.96074890e+002, 2.12128586e+002, 6.81102173e+002,
       2.19748016e+002, 7.65205994e+002, 2.29342499e+002,
       8.44965027e+002, 2.40415054e+002, 9.18456238e+002,
       2.51890244e+002, 9.84125366e+002, 2.63855896e+002,
       1.04156970e+003, 2.75454834e+002, 1.09146240e+003,
       2.86670197e+002, 1.13424414e+003, 2.97037201e+002,
       1.17063892e+003, 3.06393829e+002, 1.20218835e+003,
       3.14924805e+002, 1.22906018e+003, 3.23276886e+002,
       5.90590759e+002, 2.93615448e+002, 6.72847656e+002,
       3.01492035e+002, 7.54448059e+002, 3.10038452e+002,
       8.32262878e+002, 3.18651306e+002, 9.04260010e+002,
       3.27913910e+002, 9.68746521e+002, 3.36288910e+002,
       1.02613257e+003, 3.44255432e+002, 1.07568433e+003,
       3.51861938e+002, 1.11859131e+003, 3.58944489e+002,
       1.15557422e+003, 3.65154999e+002, 1.18722058e+003,
       3.70574280e+002, 1.21539099e+003, 3.75309967e+002,
       5.85568481e+002, 3.69996674e+002, 6.64640564e+002,
       3.77904266e+002, 7.43076050e+002, 3.85545105e+002,
       8.18336243e+002, 3.92518555e+002, 8.87942139e+002,
       3.99285431e+002, 9.51380798e+002, 4.04926910e+002,
       1.00753595e+003, 4.10118011e+002, 1.05730798e+003,
       4.14440308e+002, 1.10044531e+003, 4.17981781e+002,
       1.13759521e+003, 4.21471802e+002, 1.17017969e+003,
       4.23857300e+002, 1.19857861e+003, 4.26477478e+002,
       5.81725586e+002, 4.39624298e+002, 6.56799561e+002,
       4.47481201e+002, 7.31555603e+002, 4.54383453e+002,
       8.03573120e+002, 4.59707397e+002, 8.70816956e+002,
       4.64428864e+002, 9.32656677e+002, 4.67738220e+002,
       9.87942200e+002, 4.70277802e+002, 1.03725488e+003,
       4.72324188e+002, 1.08060925e+003, 4.73325867e+002,
